210211200804307418
110108200801065719
110105200804209731
110105200712116810
110106200802127210
110105200806275812
110103200804280316
110105200802187313
110105200709038313
110105200712229014
110108200709186315
110105200807087311
110105200806095838
110105200806027317
620102200802041518
110105200803077319
110105200712227318
120102100807150133
360104200803300015
110108200712286325
110105200712177314
110101200806081510
110105200802252533
110101200807223525
110105200805288128
110108200708075445
230604200804212621
110101200710156223
110109200805130027
110102200806063044
110114200711222423
110105200803207320
110108200808165448
110105200710023629
11010520080329732X
110104200712182563
110105200712297316
110108200807055722
